{
 "cells": [
  {
   "cell_type": "code",
   "execution_count": 2,
   "id": "c308cc6a",
   "metadata": {},
   "outputs": [],
   "source": [
    "import pandas as pd\n",
    "import numpy as np"
   ]
  },
  {
   "cell_type": "code",
   "execution_count": 3,
   "id": "e182e670",
   "metadata": {},
   "outputs": [
    {
     "data": {
      "text/html": [
       "<div>\n",
       "<style scoped>\n",
       "    .dataframe tbody tr th:only-of-type {\n",
       "        vertical-align: middle;\n",
       "    }\n",
       "\n",
       "    .dataframe tbody tr th {\n",
       "        vertical-align: top;\n",
       "    }\n",
       "\n",
       "    .dataframe thead th {\n",
       "        text-align: right;\n",
       "    }\n",
       "</style>\n",
       "<table border=\"1\" class=\"dataframe\">\n",
       "  <thead>\n",
       "    <tr style=\"text-align: right;\">\n",
       "      <th></th>\n",
       "      <th>TEWHERE</th>\n",
       "      <th>TUSTARTTIM</th>\n",
       "      <th>TUSTOPTIME</th>\n",
       "    </tr>\n",
       "  </thead>\n",
       "  <tbody>\n",
       "    <tr>\n",
       "      <th>2</th>\n",
       "      <td>Car (driver)</td>\n",
       "      <td>07:30:00</td>\n",
       "      <td>08:00:00</td>\n",
       "    </tr>\n",
       "    <tr>\n",
       "      <th>3</th>\n",
       "      <td>worship</td>\n",
       "      <td>08:00:00</td>\n",
       "      <td>12:00:00</td>\n",
       "    </tr>\n",
       "    <tr>\n",
       "      <th>4</th>\n",
       "      <td>Car (driver)</td>\n",
       "      <td>12:00:00</td>\n",
       "      <td>12:30:00</td>\n",
       "    </tr>\n",
       "    <tr>\n",
       "      <th>5</th>\n",
       "      <td>home</td>\n",
       "      <td>12:30:00</td>\n",
       "      <td>13:00:00</td>\n",
       "    </tr>\n",
       "    <tr>\n",
       "      <th>7</th>\n",
       "      <td>home</td>\n",
       "      <td>15:00:00</td>\n",
       "      <td>22:00:00</td>\n",
       "    </tr>\n",
       "    <tr>\n",
       "      <th>...</th>\n",
       "      <td>...</td>\n",
       "      <td>...</td>\n",
       "      <td>...</td>\n",
       "    </tr>\n",
       "    <tr>\n",
       "      <th>182973</th>\n",
       "      <td>home</td>\n",
       "      <td>12:02:00</td>\n",
       "      <td>12:22:00</td>\n",
       "    </tr>\n",
       "    <tr>\n",
       "      <th>182975</th>\n",
       "      <td>home</td>\n",
       "      <td>13:52:00</td>\n",
       "      <td>15:30:00</td>\n",
       "    </tr>\n",
       "    <tr>\n",
       "      <th>182976</th>\n",
       "      <td>Car (passenger)</td>\n",
       "      <td>15:30:00</td>\n",
       "      <td>16:00:00</td>\n",
       "    </tr>\n",
       "    <tr>\n",
       "      <th>182977</th>\n",
       "      <td>else home</td>\n",
       "      <td>16:00:00</td>\n",
       "      <td>22:30:00</td>\n",
       "    </tr>\n",
       "    <tr>\n",
       "      <th>182978</th>\n",
       "      <td>Car (passenger)</td>\n",
       "      <td>22:30:00</td>\n",
       "      <td>23:00:00</td>\n",
       "    </tr>\n",
       "  </tbody>\n",
       "</table>\n",
       "<p>147852 rows × 3 columns</p>\n",
       "</div>"
      ],
      "text/plain": [
       "                TEWHERE TUSTARTTIM TUSTOPTIME\n",
       "2          Car (driver)   07:30:00   08:00:00\n",
       "3               worship   08:00:00   12:00:00\n",
       "4          Car (driver)   12:00:00   12:30:00\n",
       "5                  home   12:30:00   13:00:00\n",
       "7                  home   15:00:00   22:00:00\n",
       "...                 ...        ...        ...\n",
       "182973             home   12:02:00   12:22:00\n",
       "182975             home   13:52:00   15:30:00\n",
       "182976  Car (passenger)   15:30:00   16:00:00\n",
       "182977        else home   16:00:00   22:30:00\n",
       "182978  Car (passenger)   22:30:00   23:00:00\n",
       "\n",
       "[147852 rows x 3 columns]"
      ]
     },
     "execution_count": 3,
     "metadata": {},
     "output_type": "execute_result"
    }
   ],
   "source": [
    "data2019 = pd.read_csv('data/2019(1).csv')\n",
    "data2019['TEWHERE'].replace([-1, 1, 2, 3, 4, 5, 6, 7, 8, 9, 10, 11, 12, 13, 14, 15, 16, 17, 18, 19 ,20,\n",
    "                             21, 30, 31, 32, 89, 99,-3], \n",
    "                            ['None','home','workplace','else home','restaurant','worship','Grocery store',\n",
    "                            'Other store','School','Outdoors','Library','Other place','Car (driver)',\n",
    "                             'Car (passenger)','Walking','Bus','Subway','Bicycle','Boat','Taxi','Airplane',\n",
    "                            'Other transportation','Bank','Gym','Post Office','Unspecified place',\n",
    "                             'Unspecified transportation','None'], inplace = True)\n",
    "data2019 = data2019.loc[:,['TEWHERE','TUSTARTTIM','TUSTOPTIME']]\n",
    "data2019 = data2019.drop(data2019[data2019['TEWHERE']=='None'].index)\n",
    "data2019"
   ]
  },
  {
   "cell_type": "code",
   "execution_count": 22,
   "id": "9d193f46",
   "metadata": {},
   "outputs": [
    {
     "data": {
      "text/plain": [
       "TEWHERE       object\n",
       "TUSTARTTIM    object\n",
       "TUSTOPTIME    object\n",
       "dtype: object"
      ]
     },
     "execution_count": 22,
     "metadata": {},
     "output_type": "execute_result"
    }
   ],
   "source": [
    "data2019.dtypes"
   ]
  },
  {
   "cell_type": "code",
   "execution_count": 5,
   "id": "39537ae3",
   "metadata": {},
   "outputs": [
    {
     "data": {
      "text/html": [
       "<div>\n",
       "<style scoped>\n",
       "    .dataframe tbody tr th:only-of-type {\n",
       "        vertical-align: middle;\n",
       "    }\n",
       "\n",
       "    .dataframe tbody tr th {\n",
       "        vertical-align: top;\n",
       "    }\n",
       "\n",
       "    .dataframe thead th {\n",
       "        text-align: right;\n",
       "    }\n",
       "</style>\n",
       "<table border=\"1\" class=\"dataframe\">\n",
       "  <thead>\n",
       "    <tr style=\"text-align: right;\">\n",
       "      <th></th>\n",
       "      <th>TEWHERE</th>\n",
       "      <th>TUSTARTTIM</th>\n",
       "      <th>TUSTOPTIME</th>\n",
       "    </tr>\n",
       "  </thead>\n",
       "  <tbody>\n",
       "    <tr>\n",
       "      <th>1</th>\n",
       "      <td>home</td>\n",
       "      <td>07:15:00</td>\n",
       "      <td>07:30:00</td>\n",
       "    </tr>\n",
       "    <tr>\n",
       "      <th>2</th>\n",
       "      <td>workplace</td>\n",
       "      <td>07:30:00</td>\n",
       "      <td>16:30:00</td>\n",
       "    </tr>\n",
       "    <tr>\n",
       "      <th>3</th>\n",
       "      <td>Walking</td>\n",
       "      <td>16:30:00</td>\n",
       "      <td>16:45:00</td>\n",
       "    </tr>\n",
       "    <tr>\n",
       "      <th>4</th>\n",
       "      <td>home</td>\n",
       "      <td>16:45:00</td>\n",
       "      <td>22:30:00</td>\n",
       "    </tr>\n",
       "    <tr>\n",
       "      <th>7</th>\n",
       "      <td>home</td>\n",
       "      <td>09:15:00</td>\n",
       "      <td>09:30:00</td>\n",
       "    </tr>\n",
       "    <tr>\n",
       "      <th>...</th>\n",
       "      <td>...</td>\n",
       "      <td>...</td>\n",
       "      <td>...</td>\n",
       "    </tr>\n",
       "    <tr>\n",
       "      <th>82474</th>\n",
       "      <td>home</td>\n",
       "      <td>06:30:00</td>\n",
       "      <td>11:30:00</td>\n",
       "    </tr>\n",
       "    <tr>\n",
       "      <th>82475</th>\n",
       "      <td>home</td>\n",
       "      <td>11:30:00</td>\n",
       "      <td>12:00:00</td>\n",
       "    </tr>\n",
       "    <tr>\n",
       "      <th>82476</th>\n",
       "      <td>home</td>\n",
       "      <td>12:00:00</td>\n",
       "      <td>14:00:00</td>\n",
       "    </tr>\n",
       "    <tr>\n",
       "      <th>82477</th>\n",
       "      <td>home</td>\n",
       "      <td>14:00:00</td>\n",
       "      <td>14:05:00</td>\n",
       "    </tr>\n",
       "    <tr>\n",
       "      <th>82478</th>\n",
       "      <td>home</td>\n",
       "      <td>14:05:00</td>\n",
       "      <td>15:00:00</td>\n",
       "    </tr>\n",
       "  </tbody>\n",
       "</table>\n",
       "<p>63150 rows × 3 columns</p>\n",
       "</div>"
      ],
      "text/plain": [
       "         TEWHERE TUSTARTTIM TUSTOPTIME\n",
       "1           home   07:15:00   07:30:00\n",
       "2      workplace   07:30:00   16:30:00\n",
       "3        Walking   16:30:00   16:45:00\n",
       "4           home   16:45:00   22:30:00\n",
       "7           home   09:15:00   09:30:00\n",
       "...          ...        ...        ...\n",
       "82474       home   06:30:00   11:30:00\n",
       "82475       home   11:30:00   12:00:00\n",
       "82476       home   12:00:00   14:00:00\n",
       "82477       home   14:00:00   14:05:00\n",
       "82478       home   14:05:00   15:00:00\n",
       "\n",
       "[63150 rows x 3 columns]"
      ]
     },
     "execution_count": 5,
     "metadata": {},
     "output_type": "execute_result"
    }
   ],
   "source": [
    "data2021 = pd.read_csv('data/2021_clean.csv')\n",
    "data2021 = data2021.loc[:,['TEWHERE','TUSTARTTIM','TUSTOPTIME']]\n",
    "data2021 = data2021.drop(data2021[data2021['TEWHERE']=='None'].index)\n",
    "\n",
    "#data2021['TUSTARTTIM'] = pd.to_datetime(data2021['TUSTARTTIM'],format='%H:%M:%S')\n",
    "#data2021['TUSTARTTIM'] = data2021['TUSTARTTIM'].dt.time\n",
    "\n",
    "#data2021['TUSTOPTIME'] = pd.to_datetime(data2021['TUSTOPTIME'],format='%H:%M:%S')\n",
    "#data2021['TUSTOPTIME'] = data2021['TUSTOPTIME'].dt.time\n",
    "\n",
    "data2021"
   ]
  },
  {
   "cell_type": "code",
   "execution_count": 6,
   "id": "54ccb5bd",
   "metadata": {},
   "outputs": [],
   "source": [
    "df2019 = data2019.copy()\n",
    "#df2019['TUSTARTTIM'] = df2019['TUSTARTTIM'].dt.time\n",
    "#df2019['TUSTOPTIME'] = df2019['TUSTOPTIME'].dt.time\n",
    "#df2019"
   ]
  },
  {
   "cell_type": "code",
   "execution_count": 7,
   "id": "4d87f390",
   "metadata": {},
   "outputs": [],
   "source": [
    "df2021 = data2021.copy()\n",
    "#df2021['TUSTARTTIM'] = df2021['TUSTARTTIM'].dt.time\n",
    "#df2021['TUSTOPTIME'] = df2021['TUSTOPTIME'].dt.time\n",
    "#df2021"
   ]
  },
  {
   "cell_type": "code",
   "execution_count": 8,
   "id": "2ab4f355",
   "metadata": {},
   "outputs": [],
   "source": [
    "index19=df2019['TEWHERE'].value_counts()\n",
    "index21=df2021['TEWHERE'].value_counts()"
   ]
  },
  {
   "cell_type": "code",
   "execution_count": 9,
   "id": "43a7450a",
   "metadata": {},
   "outputs": [
    {
     "data": {
      "text/html": [
       "<div>\n",
       "<style scoped>\n",
       "    .dataframe tbody tr th:only-of-type {\n",
       "        vertical-align: middle;\n",
       "    }\n",
       "\n",
       "    .dataframe tbody tr th {\n",
       "        vertical-align: top;\n",
       "    }\n",
       "\n",
       "    .dataframe thead th {\n",
       "        text-align: right;\n",
       "    }\n",
       "</style>\n",
       "<table border=\"1\" class=\"dataframe\">\n",
       "  <thead>\n",
       "    <tr style=\"text-align: right;\">\n",
       "      <th></th>\n",
       "      <th>TEWHERE</th>\n",
       "      <th>num</th>\n",
       "      <th>TUSTARTTIM</th>\n",
       "      <th>TUSTOPTIME</th>\n",
       "    </tr>\n",
       "  </thead>\n",
       "  <tbody>\n",
       "    <tr>\n",
       "      <th>2</th>\n",
       "      <td>Car (driver)</td>\n",
       "      <td>1</td>\n",
       "      <td>07:30:00</td>\n",
       "      <td>08:00:00</td>\n",
       "    </tr>\n",
       "    <tr>\n",
       "      <th>3</th>\n",
       "      <td>worship</td>\n",
       "      <td>10</td>\n",
       "      <td>08:00:00</td>\n",
       "      <td>12:00:00</td>\n",
       "    </tr>\n",
       "    <tr>\n",
       "      <th>4</th>\n",
       "      <td>Car (driver)</td>\n",
       "      <td>1</td>\n",
       "      <td>12:00:00</td>\n",
       "      <td>12:30:00</td>\n",
       "    </tr>\n",
       "    <tr>\n",
       "      <th>5</th>\n",
       "      <td>home</td>\n",
       "      <td>0</td>\n",
       "      <td>12:30:00</td>\n",
       "      <td>13:00:00</td>\n",
       "    </tr>\n",
       "    <tr>\n",
       "      <th>7</th>\n",
       "      <td>home</td>\n",
       "      <td>0</td>\n",
       "      <td>15:00:00</td>\n",
       "      <td>22:00:00</td>\n",
       "    </tr>\n",
       "    <tr>\n",
       "      <th>...</th>\n",
       "      <td>...</td>\n",
       "      <td>...</td>\n",
       "      <td>...</td>\n",
       "      <td>...</td>\n",
       "    </tr>\n",
       "    <tr>\n",
       "      <th>182973</th>\n",
       "      <td>home</td>\n",
       "      <td>0</td>\n",
       "      <td>12:02:00</td>\n",
       "      <td>12:22:00</td>\n",
       "    </tr>\n",
       "    <tr>\n",
       "      <th>182975</th>\n",
       "      <td>home</td>\n",
       "      <td>0</td>\n",
       "      <td>13:52:00</td>\n",
       "      <td>15:30:00</td>\n",
       "    </tr>\n",
       "    <tr>\n",
       "      <th>182976</th>\n",
       "      <td>Car (passenger)</td>\n",
       "      <td>5</td>\n",
       "      <td>15:30:00</td>\n",
       "      <td>16:00:00</td>\n",
       "    </tr>\n",
       "    <tr>\n",
       "      <th>182977</th>\n",
       "      <td>else home</td>\n",
       "      <td>4</td>\n",
       "      <td>16:00:00</td>\n",
       "      <td>22:30:00</td>\n",
       "    </tr>\n",
       "    <tr>\n",
       "      <th>182978</th>\n",
       "      <td>Car (passenger)</td>\n",
       "      <td>5</td>\n",
       "      <td>22:30:00</td>\n",
       "      <td>23:00:00</td>\n",
       "    </tr>\n",
       "  </tbody>\n",
       "</table>\n",
       "<p>147852 rows × 4 columns</p>\n",
       "</div>"
      ],
      "text/plain": [
       "                TEWHERE  num TUSTARTTIM TUSTOPTIME\n",
       "2          Car (driver)    1   07:30:00   08:00:00\n",
       "3               worship   10   08:00:00   12:00:00\n",
       "4          Car (driver)    1   12:00:00   12:30:00\n",
       "5                  home    0   12:30:00   13:00:00\n",
       "7                  home    0   15:00:00   22:00:00\n",
       "...                 ...  ...        ...        ...\n",
       "182973             home    0   12:02:00   12:22:00\n",
       "182975             home    0   13:52:00   15:30:00\n",
       "182976  Car (passenger)    5   15:30:00   16:00:00\n",
       "182977        else home    4   16:00:00   22:30:00\n",
       "182978  Car (passenger)    5   22:30:00   23:00:00\n",
       "\n",
       "[147852 rows x 4 columns]"
      ]
     },
     "execution_count": 9,
     "metadata": {},
     "output_type": "execute_result"
    }
   ],
   "source": [
    "df2019.insert(1,'num',df2019['TEWHERE'])\n",
    "df2019['num'].replace(['home', 'Car (driver)', 'workplace', 'Other place', 'else home',\n",
    "       'Car (passenger)', 'restaurant', 'Other store', 'Walking', 'Outdoors',\n",
    "       'worship', 'Grocery store', 'School', 'Gym', 'Unspecified place', 'Bus',\n",
    "       'Subway', 'Bank', 'Post Office', 'Library', 'Taxi', 'Bicycle',\n",
    "       'Airplane', 'Other transportation', 'Boat'], \n",
    "                        [0,1, 2, 3, 4, 5, 6, 7, 8, 9, 10, 11, 12, 13, 14, 15, 16, 17, 18, 19 ,20,21,22,23,24],\n",
    "                          inplace = True)\n",
    "df2019['TUSTARTTIM']=df2019['TUSTARTTIM'].astype('str')\n",
    "df2019['TUSTOPTIME']=df2019['TUSTOPTIME'].astype('str')\n",
    "df2019"
   ]
  },
  {
   "cell_type": "code",
   "execution_count": 10,
   "id": "14bdd2e2",
   "metadata": {},
   "outputs": [],
   "source": [
    "activity19=['home', 'Car (driver)', 'workplace', 'Other place', 'else home',\n",
    "       'Car (passenger)', 'restaurant', 'Other store', 'Walking', 'Outdoors',\n",
    "       'worship', 'Grocery store', 'School', 'Gym', 'Unspecified place', 'Bus',\n",
    "       'Subway', 'Bank', 'Post Office', 'Library', 'Taxi', 'Bicycle',\n",
    "       'Airplane', 'Other transportation', 'Boat']"
   ]
  },
  {
   "cell_type": "code",
   "execution_count": 11,
   "id": "e0dd5daf",
   "metadata": {},
   "outputs": [
    {
     "data": {
      "text/html": [
       "<div>\n",
       "<style scoped>\n",
       "    .dataframe tbody tr th:only-of-type {\n",
       "        vertical-align: middle;\n",
       "    }\n",
       "\n",
       "    .dataframe tbody tr th {\n",
       "        vertical-align: top;\n",
       "    }\n",
       "\n",
       "    .dataframe thead th {\n",
       "        text-align: right;\n",
       "    }\n",
       "</style>\n",
       "<table border=\"1\" class=\"dataframe\">\n",
       "  <thead>\n",
       "    <tr style=\"text-align: right;\">\n",
       "      <th></th>\n",
       "      <th>TEWHERE</th>\n",
       "      <th>num</th>\n",
       "      <th>TUSTARTTIM</th>\n",
       "      <th>TUSTOPTIME</th>\n",
       "    </tr>\n",
       "  </thead>\n",
       "  <tbody>\n",
       "    <tr>\n",
       "      <th>1</th>\n",
       "      <td>home</td>\n",
       "      <td>0</td>\n",
       "      <td>07:15:00</td>\n",
       "      <td>07:30:00</td>\n",
       "    </tr>\n",
       "    <tr>\n",
       "      <th>2</th>\n",
       "      <td>workplace</td>\n",
       "      <td>2</td>\n",
       "      <td>07:30:00</td>\n",
       "      <td>16:30:00</td>\n",
       "    </tr>\n",
       "    <tr>\n",
       "      <th>3</th>\n",
       "      <td>Walking</td>\n",
       "      <td>8</td>\n",
       "      <td>16:30:00</td>\n",
       "      <td>16:45:00</td>\n",
       "    </tr>\n",
       "    <tr>\n",
       "      <th>4</th>\n",
       "      <td>home</td>\n",
       "      <td>0</td>\n",
       "      <td>16:45:00</td>\n",
       "      <td>22:30:00</td>\n",
       "    </tr>\n",
       "    <tr>\n",
       "      <th>7</th>\n",
       "      <td>home</td>\n",
       "      <td>0</td>\n",
       "      <td>09:15:00</td>\n",
       "      <td>09:30:00</td>\n",
       "    </tr>\n",
       "    <tr>\n",
       "      <th>...</th>\n",
       "      <td>...</td>\n",
       "      <td>...</td>\n",
       "      <td>...</td>\n",
       "      <td>...</td>\n",
       "    </tr>\n",
       "    <tr>\n",
       "      <th>82474</th>\n",
       "      <td>home</td>\n",
       "      <td>0</td>\n",
       "      <td>06:30:00</td>\n",
       "      <td>11:30:00</td>\n",
       "    </tr>\n",
       "    <tr>\n",
       "      <th>82475</th>\n",
       "      <td>home</td>\n",
       "      <td>0</td>\n",
       "      <td>11:30:00</td>\n",
       "      <td>12:00:00</td>\n",
       "    </tr>\n",
       "    <tr>\n",
       "      <th>82476</th>\n",
       "      <td>home</td>\n",
       "      <td>0</td>\n",
       "      <td>12:00:00</td>\n",
       "      <td>14:00:00</td>\n",
       "    </tr>\n",
       "    <tr>\n",
       "      <th>82477</th>\n",
       "      <td>home</td>\n",
       "      <td>0</td>\n",
       "      <td>14:00:00</td>\n",
       "      <td>14:05:00</td>\n",
       "    </tr>\n",
       "    <tr>\n",
       "      <th>82478</th>\n",
       "      <td>home</td>\n",
       "      <td>0</td>\n",
       "      <td>14:05:00</td>\n",
       "      <td>15:00:00</td>\n",
       "    </tr>\n",
       "  </tbody>\n",
       "</table>\n",
       "<p>63150 rows × 4 columns</p>\n",
       "</div>"
      ],
      "text/plain": [
       "         TEWHERE  num TUSTARTTIM TUSTOPTIME\n",
       "1           home    0   07:15:00   07:30:00\n",
       "2      workplace    2   07:30:00   16:30:00\n",
       "3        Walking    8   16:30:00   16:45:00\n",
       "4           home    0   16:45:00   22:30:00\n",
       "7           home    0   09:15:00   09:30:00\n",
       "...          ...  ...        ...        ...\n",
       "82474       home    0   06:30:00   11:30:00\n",
       "82475       home    0   11:30:00   12:00:00\n",
       "82476       home    0   12:00:00   14:00:00\n",
       "82477       home    0   14:00:00   14:05:00\n",
       "82478       home    0   14:05:00   15:00:00\n",
       "\n",
       "[63150 rows x 4 columns]"
      ]
     },
     "execution_count": 11,
     "metadata": {},
     "output_type": "execute_result"
    }
   ],
   "source": [
    "df2021.insert(1,'num',df2021['TEWHERE'])\n",
    "df2021['num'].replace(['home', 'Car (driver)', 'workplace', 'Other place','else home', 'Car (passenger)',\n",
    "                       'restaurant', 'Other store', 'Walking', 'Outdoors',\n",
    "                       'worship', 'Grocery store', 'School', 'Gym', 'Unspecified place','Bus','Subway', 'Bank','Post Office',\n",
    "                       'Library', 'Taxi', 'Bicycle', 'Airplane','Other transportation',\n",
    "                       'Boat'], \n",
    "                        [0,1, 2, 3, 4, 5, 6, 7, 8, 9, 10, 11, 12, 13, 14, 15, 16, 17, 18, 19 ,20,21,22,23,24],\n",
    "                          inplace = True)\n",
    "df2021['TUSTARTTIM']=df2021['TUSTARTTIM'].astype('str')\n",
    "df2021['TUSTOPTIME']=df2021['TUSTOPTIME'].astype('str')\n",
    "df2021"
   ]
  },
  {
   "cell_type": "code",
   "execution_count": 15,
   "id": "c33eaf43",
   "metadata": {},
   "outputs": [],
   "source": [
    "activity21=['home', 'Car (driver)', 'workplace', 'Other place','else home', 'Car (passenger)',\n",
    "                       'restaurant', 'Other store', 'Walking', 'Outdoors',\n",
    "                       'worship', 'Grocery store', 'School', 'Gym', 'Unspecified place','Bus','Subway', 'Bank','Post Office',\n",
    "                       'Library', 'Taxi', 'Bicycle', 'Airplane','Other transportation',\n",
    "                       'Boat']"
   ]
  },
  {
   "cell_type": "code",
   "execution_count": 12,
   "id": "e59513d8",
   "metadata": {},
   "outputs": [
    {
     "name": "stdout",
     "output_type": "stream",
     "text": [
      "[422, 90, 33, 20, 21, 28, 8, 5, 3, 7, 0, 1, 0, 0, 2, 1, 1, 0, 0, 0, 3, 0, 0, 1, 0]\n",
      "[192, 56, 41, 6, 16, 11, 9, 2, 7, 2, 0, 0, 0, 0, 1, 0, 0, 0, 0, 0, 2, 0, 0, 0, 0]\n",
      "[180, 32, 36, 4, 7, 12, 4, 0, 4, 0, 0, 0, 0, 0, 0, 0, 0, 0, 0, 1, 1, 0, 0, 0, 0]\n",
      "[325, 57, 50, 17, 5, 5, 4, 0, 5, 1, 0, 0, 0, 0, 2, 0, 0, 0, 0, 0, 0, 0, 0, 0, 0]\n",
      "[842, 161, 167, 29, 21, 18, 5, 3, 6, 17, 1, 2, 0, 15, 3, 2, 2, 0, 0, 0, 4, 0, 10, 2, 0]\n",
      "[1464, 349, 228, 55, 22, 31, 18, 6, 17, 32, 6, 1, 3, 40, 2, 9, 5, 0, 0, 0, 2, 0, 3, 0, 0]\n",
      "[3632, 783, 469, 145, 89, 54, 39, 28, 74, 97, 21, 8, 59, 32, 16, 28, 10, 4, 2, 0, 4, 1, 2, 2, 3]\n",
      "[4856, 1513, 799, 317, 193, 139, 88, 59, 121, 149, 78, 35, 253, 43, 35, 34, 28, 4, 4, 0, 1, 9, 5, 6, 1]\n",
      "[4788, 1415, 674, 437, 283, 227, 117, 130, 173, 156, 209, 80, 158, 69, 39, 34, 28, 13, 14, 7, 3, 4, 4, 1, 5]\n",
      "[4161, 1381, 570, 481, 294, 311, 164, 216, 119, 150, 314, 122, 46, 63, 19, 23, 12, 21, 16, 7, 8, 5, 3, 3, 4]\n",
      "[3511, 1425, 480, 484, 286, 362, 168, 306, 147, 136, 338, 169, 61, 76, 17, 23, 6, 19, 23, 9, 6, 7, 2, 2, 6]\n",
      "[3535, 1567, 643, 444, 315, 433, 375, 315, 138, 136, 170, 144, 88, 61, 27, 23, 3, 21, 10, 12, 0, 7, 7, 3, 0]\n",
      "[4393, 1892, 1354, 511, 415, 508, 554, 395, 178, 139, 96, 168, 109, 40, 28, 28, 6, 28, 16, 16, 10, 6, 0, 1, 1]\n",
      "[3623, 1559, 836, 486, 342, 417, 311, 322, 158, 144, 67, 176, 80, 49, 30, 16, 6, 19, 16, 22, 2, 5, 7, 1, 0]\n",
      "[3405, 1641, 524, 441, 398, 399, 216, 325, 164, 148, 34, 145, 123, 45, 35, 40, 16, 8, 10, 9, 7, 6, 12, 8, 3]\n",
      "[3745, 1797, 435, 456, 405, 398, 210, 277, 159, 169, 38, 156, 129, 38, 43, 33, 10, 14, 13, 10, 2, 6, 9, 7, 2]\n",
      "[4715, 1942, 223, 383, 452, 439, 288, 259, 163, 155, 58, 137, 71, 62, 38, 37, 31, 13, 9, 15, 2, 5, 3, 6, 1]\n",
      "[6106, 1877, 170, 450, 488, 437, 361, 202, 177, 148, 90, 113, 79, 70, 31, 17, 41, 10, 4, 9, 7, 9, 2, 2, 2]\n",
      "[6869, 1562, 147, 405, 506, 403, 461, 172, 166, 147, 92, 103, 55, 50, 25, 29, 17, 4, 6, 2, 5, 8, 5, 3, 1]\n",
      "[6287, 1046, 117, 297, 396, 287, 289, 114, 100, 91, 83, 52, 31, 18, 21, 9, 9, 0, 0, 2, 5, 4, 3, 4, 1]\n",
      "[5340, 728, 83, 175, 277, 235, 164, 84, 75, 72, 28, 34, 8, 12, 11, 9, 6, 1, 0, 2, 4, 0, 4, 1, 0]\n",
      "[3896, 508, 71, 113, 165, 175, 77, 39, 45, 49, 12, 12, 4, 7, 7, 7, 4, 0, 0, 2, 0, 1, 1, 3, 3]\n",
      "[2143, 283, 64, 72, 105, 104, 40, 12, 38, 24, 1, 7, 2, 3, 5, 7, 4, 0, 0, 0, 2, 0, 1, 1, 0]\n",
      "[911, 165, 34, 35, 49, 44, 18, 10, 12, 13, 0, 1, 1, 3, 3, 2, 2, 0, 0, 0, 5, 0, 0, 0, 0]\n"
     ]
    }
   ],
   "source": [
    "\n",
    "#t = [0,1, 2, 3, 4, 5, 6, 7, 8, 9, 10, 11, 12, 13, 14, 15, 16, 17, 18, 19 ,20,21,22,23,24]\n",
    "for m in range(0,24):\n",
    "    num19 = [0 for _ in range(len(index19))]\n",
    "    for i in range(len(df2019)):\n",
    "        if int(df2019.iloc[i]['TUSTARTTIM'][:2]) == m:\n",
    "            j = df2019.iloc[i]['num']\n",
    "            num19[j] = num19[j] + 1\n",
    "            #per = num19/np.sum(num19)\n",
    "    print(num19)"
   ]
  },
  {
   "cell_type": "code",
   "execution_count": 13,
   "id": "5f9d3600",
   "metadata": {},
   "outputs": [],
   "source": [
    "t19=[[422, 90, 33, 20, 21, 28, 8, 5, 3, 7, 0, 1, 0, 0, 2, 1, 1, 0, 0, 0, 3, 0, 0, 1, 0],\n",
    "[192, 56, 41, 6, 16, 11, 9, 2, 7, 2, 0, 0, 0, 0, 1, 0, 0, 0, 0, 0, 2, 0, 0, 0, 0],\n",
    "[180, 32, 36, 4, 7, 12, 4, 0, 4, 0, 0, 0, 0, 0, 0, 0, 0, 0, 0, 1, 1, 0, 0, 0, 0],\n",
    "[325, 57, 50, 17, 5, 5, 4, 0, 5, 1, 0, 0, 0, 0, 2, 0, 0, 0, 0, 0, 0, 0, 0, 0, 0],\n",
    "[842, 161, 167, 29, 21, 18, 5, 3, 6, 17, 1, 2, 0, 15, 3, 2, 2, 0, 0, 0, 4, 0, 10, 2, 0],\n",
    "[1464, 349, 228, 55, 22, 31, 18, 6, 17, 32, 6, 1, 3, 40, 2, 9, 5, 0, 0, 0, 2, 0, 3, 0, 0],\n",
    "[3632, 783, 469, 145, 89, 54, 39, 28, 74, 97, 21, 8, 59, 32, 16, 28, 10, 4, 2, 0, 4, 1, 2, 2, 3],\n",
    "[4856, 1513, 799, 317, 193, 139, 88, 59, 121, 149, 78, 35, 253, 43, 35, 34, 28, 4, 4, 0, 1, 9, 5, 6, 1],\n",
    "[4788, 1415, 674, 437, 283, 227, 117, 130, 173, 156, 209, 80, 158, 69, 39, 34, 28, 13, 14, 7, 3, 4, 4, 1, 5],\n",
    "[4161, 1381, 570, 481, 294, 311, 164, 216, 119, 150, 314, 122, 46, 63, 19, 23, 12, 21, 16, 7, 8, 5, 3, 3, 4],\n",
    "[3511, 1425, 480, 484, 286, 362, 168, 306, 147, 136, 338, 169, 61, 76, 17, 23, 6, 19, 23, 9, 6, 7, 2, 2, 6],\n",
    "[3535, 1567, 643, 444, 315, 433, 375, 315, 138, 136, 170, 144, 88, 61, 27, 23, 3, 21, 10, 12, 0, 7, 7, 3, 0],\n",
    "[4393, 1892, 1354, 511, 415, 508, 554, 395, 178, 139, 96, 168, 109, 40, 28, 28, 6, 28, 16, 16, 10, 6, 0, 1, 1],\n",
    "[3623, 1559, 836, 486, 342, 417, 311, 322, 158, 144, 67, 176, 80, 49, 30, 16, 6, 19, 16, 22, 2, 5, 7, 1, 0],\n",
    "[3405, 1641, 524, 441, 398, 399, 216, 325, 164, 148, 34, 145, 123, 45, 35, 40, 16, 8, 10, 9, 7, 6, 12, 8, 3],\n",
    "[3745, 1797, 435, 456, 405, 398, 210, 277, 159, 169, 38, 156, 129, 38, 43, 33, 10, 14, 13, 10, 2, 6, 9, 7, 2],\n",
    "[4715, 1942, 223, 383, 452, 439, 288, 259, 163, 155, 58, 137, 71, 62, 38, 37, 31, 13, 9, 15, 2, 5, 3, 6, 1],\n",
    "[6106, 1877, 170, 450, 488, 437, 361, 202, 177, 148, 90, 113, 79, 70, 31, 17, 41, 10, 4, 9, 7, 9, 2, 2, 2],\n",
    "[6869, 1562, 147, 405, 506, 403, 461, 172, 166, 147, 92, 103, 55, 50, 25, 29, 17, 4, 6, 2, 5, 8, 5, 3, 1],\n",
    "[6287, 1046, 117, 297, 396, 287, 289, 114, 100, 91, 83, 52, 31, 18, 21, 9, 9, 0, 0, 2, 5, 4, 3, 4, 1],\n",
    "[5340, 728, 83, 175, 277, 235, 164, 84, 75, 72, 28, 34, 8, 12, 11, 9, 6, 1, 0, 2, 4, 0, 4, 1, 0],\n",
    "[3896, 508, 71, 113, 165, 175, 77, 39, 45, 49, 12, 12, 4, 7, 7, 7, 4, 0, 0, 2, 0, 1, 1, 3, 3],\n",
    "[2143, 283, 64, 72, 105, 104, 40, 12, 38, 24, 1, 7, 2, 3, 5, 7, 4, 0, 0, 0, 2, 0, 1, 1, 0],\n",
    "[911, 165, 34, 35, 49, 44, 18, 10, 12, 13, 0, 1, 1, 3, 3, 2, 2, 0, 0, 0, 5, 0, 0, 0, 0]]"
   ]
  },
  {
   "cell_type": "code",
   "execution_count": 14,
   "id": "4e02b14f",
   "metadata": {
    "scrolled": true
   },
   "outputs": [
    {
     "name": "stdout",
     "output_type": "stream",
     "text": [
      "[[65.33, 13.93, 5.11, 3.1, 3.25, 4.33, 1.24, 0.77, 0.46, 1.08, 0.0, 0.15, 0.0, 0.0, 0.31, 0.15, 0.15, 0.0, 0.0, 0.0, 0.46, 0.0, 0.0, 0.15, 0.0], [55.65, 16.23, 11.88, 1.74, 4.64, 3.19, 2.61, 0.58, 2.03, 0.58, 0.0, 0.0, 0.0, 0.0, 0.29, 0.0, 0.0, 0.0, 0.0, 0.0, 0.58, 0.0, 0.0, 0.0, 0.0], [64.06, 11.39, 12.81, 1.42, 2.49, 4.27, 1.42, 0.0, 1.42, 0.0, 0.0, 0.0, 0.0, 0.0, 0.0, 0.0, 0.0, 0.0, 0.0, 0.36, 0.36, 0.0, 0.0, 0.0, 0.0], [69.0, 12.1, 10.62, 3.61, 1.06, 1.06, 0.85, 0.0, 1.06, 0.21, 0.0, 0.0, 0.0, 0.0, 0.42, 0.0, 0.0, 0.0, 0.0, 0.0, 0.0, 0.0, 0.0, 0.0, 0.0], [64.27, 12.29, 12.75, 2.21, 1.6, 1.37, 0.38, 0.23, 0.46, 1.3, 0.08, 0.15, 0.0, 1.15, 0.23, 0.15, 0.15, 0.0, 0.0, 0.0, 0.31, 0.0, 0.76, 0.15, 0.0], [63.85, 15.22, 9.94, 2.4, 0.96, 1.35, 0.78, 0.26, 0.74, 1.4, 0.26, 0.04, 0.13, 1.74, 0.09, 0.39, 0.22, 0.0, 0.0, 0.0, 0.09, 0.0, 0.13, 0.0, 0.0], [64.83, 13.98, 8.37, 2.59, 1.59, 0.96, 0.7, 0.5, 1.32, 1.73, 0.37, 0.14, 1.05, 0.57, 0.29, 0.5, 0.18, 0.07, 0.04, 0.0, 0.07, 0.02, 0.04, 0.04, 0.05], [55.37, 17.25, 9.11, 3.61, 2.2, 1.58, 1.0, 0.67, 1.38, 1.7, 0.89, 0.4, 2.88, 0.49, 0.4, 0.39, 0.32, 0.05, 0.05, 0.0, 0.01, 0.1, 0.06, 0.07, 0.01], [52.8, 15.6, 7.43, 4.82, 3.12, 2.5, 1.29, 1.43, 1.91, 1.72, 2.3, 0.88, 1.74, 0.76, 0.43, 0.37, 0.31, 0.14, 0.15, 0.08, 0.03, 0.04, 0.04, 0.01, 0.06], [48.88, 16.22, 6.7, 5.65, 3.45, 3.65, 1.93, 2.54, 1.4, 1.76, 3.69, 1.43, 0.54, 0.74, 0.22, 0.27, 0.14, 0.25, 0.19, 0.08, 0.09, 0.06, 0.04, 0.04, 0.05], [43.51, 17.66, 5.95, 6.0, 3.54, 4.49, 2.08, 3.79, 1.82, 1.69, 4.19, 2.09, 0.76, 0.94, 0.21, 0.29, 0.07, 0.24, 0.29, 0.11, 0.07, 0.09, 0.02, 0.02, 0.07], [41.7, 18.49, 7.59, 5.24, 3.72, 5.11, 4.42, 3.72, 1.63, 1.6, 2.01, 1.7, 1.04, 0.72, 0.32, 0.27, 0.04, 0.25, 0.12, 0.14, 0.0, 0.08, 0.08, 0.04, 0.0], [40.33, 17.37, 12.43, 4.69, 3.81, 4.66, 5.09, 3.63, 1.63, 1.28, 0.88, 1.54, 1.0, 0.37, 0.26, 0.26, 0.06, 0.26, 0.15, 0.15, 0.09, 0.06, 0.0, 0.01, 0.01], [41.67, 17.93, 9.62, 5.59, 3.93, 4.8, 3.58, 3.7, 1.82, 1.66, 0.77, 2.02, 0.92, 0.56, 0.35, 0.18, 0.07, 0.22, 0.18, 0.25, 0.02, 0.06, 0.08, 0.01, 0.0], [41.72, 20.11, 6.42, 5.4, 4.88, 4.89, 2.65, 3.98, 2.01, 1.81, 0.42, 1.78, 1.51, 0.55, 0.43, 0.49, 0.2, 0.1, 0.12, 0.11, 0.09, 0.07, 0.15, 0.1, 0.04], [43.74, 20.99, 5.08, 5.33, 4.73, 4.65, 2.45, 3.24, 1.86, 1.97, 0.44, 1.82, 1.51, 0.44, 0.5, 0.39, 0.12, 0.16, 0.15, 0.12, 0.02, 0.07, 0.11, 0.08, 0.02], [49.6, 20.43, 2.35, 4.03, 4.75, 4.62, 3.03, 2.72, 1.71, 1.63, 0.61, 1.44, 0.75, 0.65, 0.4, 0.39, 0.33, 0.14, 0.09, 0.16, 0.02, 0.05, 0.03, 0.06, 0.01], [56.01, 17.22, 1.56, 4.13, 4.48, 4.01, 3.31, 1.85, 1.62, 1.36, 0.83, 1.04, 0.72, 0.64, 0.28, 0.16, 0.38, 0.09, 0.04, 0.08, 0.06, 0.08, 0.02, 0.02, 0.02], [61.1, 13.89, 1.31, 3.6, 4.5, 3.58, 4.1, 1.53, 1.48, 1.31, 0.82, 0.92, 0.49, 0.44, 0.22, 0.26, 0.15, 0.04, 0.05, 0.02, 0.04, 0.07, 0.04, 0.03, 0.01], [67.85, 11.29, 1.26, 3.21, 4.27, 3.1, 3.12, 1.23, 1.08, 0.98, 0.9, 0.56, 0.33, 0.19, 0.23, 0.1, 0.1, 0.0, 0.0, 0.02, 0.05, 0.04, 0.03, 0.04, 0.01], [72.62, 9.9, 1.13, 2.38, 3.77, 3.2, 2.23, 1.14, 1.02, 0.98, 0.38, 0.46, 0.11, 0.16, 0.15, 0.12, 0.08, 0.01, 0.0, 0.03, 0.05, 0.0, 0.05, 0.01, 0.0], [74.91, 9.77, 1.37, 2.17, 3.17, 3.36, 1.48, 0.75, 0.87, 0.94, 0.23, 0.23, 0.08, 0.13, 0.13, 0.13, 0.08, 0.0, 0.0, 0.04, 0.0, 0.02, 0.02, 0.06, 0.06], [73.44, 9.7, 2.19, 2.47, 3.6, 3.56, 1.37, 0.41, 1.3, 0.82, 0.03, 0.24, 0.07, 0.1, 0.17, 0.24, 0.14, 0.0, 0.0, 0.0, 0.07, 0.0, 0.03, 0.03, 0.0], [69.65, 12.61, 2.6, 2.68, 3.75, 3.36, 1.38, 0.76, 0.92, 0.99, 0.0, 0.08, 0.08, 0.23, 0.23, 0.15, 0.15, 0.0, 0.0, 0.0, 0.38, 0.0, 0.0, 0.0, 0.0]]\n"
     ]
    }
   ],
   "source": [
    "for i in range (len(t19)):\n",
    "    t19[i] = (t19[i]/np.sum(t19[i]))*100\n",
    "    t19[i]=t19[i].tolist()\n",
    "    t19[i]=[round(i,2) for i in t19[i]]\n",
    "print(t19)"
   ]
  },
  {
   "cell_type": "code",
   "execution_count": 16,
   "id": "356d34c7",
   "metadata": {
    "scrolled": true
   },
   "outputs": [
    {
     "name": "stdout",
     "output_type": "stream",
     "text": [
      "[167, 21, 30, 5, 8, 6, 3, 1, 4, 2, 0, 0, 0, 0, 0, 0, 1, 0, 0, 0, 1, 0, 0, 0, 0]\n",
      "[85, 16, 24, 3, 5, 2, 2, 0, 1, 0, 0, 0, 0, 0, 0, 0, 0, 0, 0, 0, 1, 0, 0, 0, 0]\n",
      "[74, 18, 15, 1, 1, 1, 3, 0, 1, 1, 0, 0, 0, 0, 0, 0, 0, 0, 0, 0, 0, 0, 0, 0, 0]\n",
      "[106, 26, 34, 2, 4, 2, 1, 0, 0, 1, 0, 0, 0, 0, 0, 0, 0, 0, 0, 0, 0, 0, 0, 0, 0]\n",
      "[323, 77, 131, 4, 10, 5, 4, 0, 4, 5, 0, 0, 0, 0, 0, 1, 0, 0, 0, 0, 1, 0, 1, 0, 0]\n",
      "[579, 183, 162, 13, 12, 9, 2, 1, 4, 1, 0, 0, 0, 0, 0, 1, 0, 0, 0, 0, 0, 0, 1, 0, 0]\n",
      "[1692, 347, 332, 37, 30, 23, 10, 5, 9, 11, 1, 0, 5, 0, 0, 4, 3, 0, 0, 0, 1, 2, 0, 1, 0]\n",
      "[2611, 546, 530, 62, 84, 41, 27, 24, 27, 14, 2, 3, 8, 1, 0, 6, 8, 0, 0, 0, 2, 0, 0, 2, 0]\n",
      "[2802, 455, 437, 67, 91, 63, 49, 72, 30, 23, 12, 3, 6, 3, 0, 9, 3, 0, 0, 0, 1, 4, 0, 0, 0]\n",
      "[2135, 521, 413, 73, 99, 88, 42, 127, 29, 26, 16, 7, 0, 1, 0, 9, 2, 0, 1, 0, 0, 3, 0, 0, 0]\n",
      "[1748, 576, 350, 87, 143, 113, 45, 157, 35, 19, 21, 13, 8, 1, 0, 5, 3, 0, 2, 3, 3, 3, 0, 0, 0]\n",
      "[1910, 612, 417, 93, 146, 170, 100, 191, 51, 20, 14, 11, 16, 4, 0, 2, 5, 1, 2, 3, 2, 1, 2, 0, 0]\n",
      "[2675, 777, 939, 96, 209, 203, 172, 220, 53, 29, 11, 10, 28, 0, 0, 4, 0, 0, 0, 6, 0, 2, 0, 0, 0]\n",
      "[2050, 664, 582, 89, 177, 151, 124, 204, 46, 32, 8, 5, 4, 1, 0, 4, 4, 0, 1, 5, 4, 2, 1, 1, 0]\n",
      "[1559, 644, 331, 86, 150, 159, 73, 188, 49, 29, 3, 7, 5, 2, 0, 7, 3, 0, 0, 8, 0, 1, 0, 1, 0]\n",
      "[1565, 693, 271, 63, 156, 159, 71, 146, 42, 29, 2, 10, 0, 0, 0, 12, 3, 1, 0, 2, 1, 2, 0, 2, 0]\n",
      "[1960, 830, 146, 76, 179, 168, 92, 127, 49, 24, 4, 11, 0, 1, 0, 11, 3, 0, 0, 0, 0, 4, 0, 2, 0]\n",
      "[2918, 799, 125, 91, 225, 144, 137, 139, 59, 28, 7, 12, 5, 4, 0, 4, 5, 0, 1, 3, 0, 3, 0, 1, 0]\n",
      "[3507, 543, 98, 70, 234, 140, 150, 89, 49, 18, 6, 3, 2, 0, 0, 7, 3, 2, 0, 0, 1, 2, 0, 0, 0]\n",
      "[2844, 375, 75, 65, 162, 124, 103, 67, 43, 21, 5, 1, 1, 2, 0, 2, 3, 0, 0, 0, 3, 2, 0, 1, 2]\n",
      "[2216, 281, 73, 42, 109, 80, 45, 40, 24, 13, 0, 3, 1, 0, 0, 0, 2, 0, 0, 0, 3, 1, 0, 0, 0]\n",
      "[1425, 163, 63, 28, 54, 55, 22, 6, 19, 12, 2, 0, 2, 0, 0, 2, 1, 0, 0, 0, 2, 2, 0, 0, 0]\n",
      "[764, 114, 33, 15, 27, 24, 12, 1, 8, 6, 1, 1, 2, 0, 0, 0, 1, 0, 0, 0, 1, 0, 0, 1, 0]\n",
      "[302, 63, 29, 8, 14, 8, 6, 1, 4, 4, 0, 0, 1, 0, 0, 1, 1, 0, 0, 0, 2, 0, 0, 0, 0]\n"
     ]
    }
   ],
   "source": [
    "#l = [0 for _ in range(len(index21))]\n",
    "for m in range(0,24):\n",
    "    num21 = [0 for _ in range(len(activity21))]\n",
    "    for i in range(len(df2021)):\n",
    "        if int(df2021.iloc[i]['TUSTARTTIM'][:2]) == m:\n",
    "            j = df2021.iloc[i]['num']\n",
    "            num21[j] = num21[j] + 1\n",
    "            #num21 = num21/np.sum(num21)\n",
    "            #l=np.vstack((l,num21))\n",
    "    print(num21)"
   ]
  },
  {
   "cell_type": "code",
   "execution_count": 17,
   "id": "bf160619",
   "metadata": {},
   "outputs": [],
   "source": [
    "t21=[[167, 21, 30, 5, 8, 6, 3, 1, 4, 2, 0, 0, 0, 0, 0, 0, 1, 0, 0, 0, 1, 0, 0, 0, 0],\n",
    "[85, 16, 24, 3, 5, 2, 2, 0, 1, 0, 0, 0, 0, 0, 0, 0, 0, 0, 0, 0, 1, 0, 0, 0, 0],\n",
    "[74, 18, 15, 1, 1, 1, 3, 0, 1, 1, 0, 0, 0, 0, 0, 0, 0, 0, 0, 0, 0, 0, 0, 0, 0],\n",
    "[106, 26, 34, 2, 4, 2, 1, 0, 0, 1, 0, 0, 0, 0, 0, 0, 0, 0, 0, 0, 0, 0, 0, 0, 0],\n",
    "[323, 77, 131, 4, 10, 5, 4, 0, 4, 5, 0, 0, 0, 0, 0, 1, 0, 0, 0, 0, 1, 0, 1, 0, 0],\n",
    "[579, 183, 162, 13, 12, 9, 2, 1, 4, 1, 0, 0, 0, 0, 0, 1, 0, 0, 0, 0, 0, 0, 1, 0, 0],\n",
    "[1692, 347, 332, 37, 30, 23, 10, 5, 9, 11, 1, 0, 5, 0, 0, 4, 3, 0, 0, 0, 1, 2, 0, 1, 0],\n",
    "[2611, 546, 530, 62, 84, 41, 27, 24, 27, 14, 2, 3, 8, 1, 0, 6, 8, 0, 0, 0, 2, 0, 0, 2, 0],\n",
    "[2802, 455, 437, 67, 91, 63, 49, 72, 30, 23, 12, 3, 6, 3, 0, 9, 3, 0, 0, 0, 1, 4, 0, 0, 0],\n",
    "[2135, 521, 413, 73, 99, 88, 42, 127, 29, 26, 16, 7, 0, 1, 0, 9, 2, 0, 1, 0, 0, 3, 0, 0, 0],\n",
    "[1748, 576, 350, 87, 143, 113, 45, 157, 35, 19, 21, 13, 8, 1, 0, 5, 3, 0, 2, 3, 3, 3, 0, 0, 0],\n",
    "[1910, 612, 417, 93, 146, 170, 100, 191, 51, 20, 14, 11, 16, 4, 0, 2, 5, 1, 2, 3, 2, 1, 2, 0, 0],\n",
    "[2675, 777, 939, 96, 209, 203, 172, 220, 53, 29, 11, 10, 28, 0, 0, 4, 0, 0, 0, 6, 0, 2, 0, 0, 0],\n",
    "[2050, 664, 582, 89, 177, 151, 124, 204, 46, 32, 8, 5, 4, 1, 0, 4, 4, 0, 1, 5, 4, 2, 1, 1, 0],\n",
    "[1559, 644, 331, 86, 150, 159, 73, 188, 49, 29, 3, 7, 5, 2, 0, 7, 3, 0, 0, 8, 0, 1, 0, 1, 0],\n",
    "[1565, 693, 271, 63, 156, 159, 71, 146, 42, 29, 2, 10, 0, 0, 0, 12, 3, 1, 0, 2, 1, 2, 0, 2, 0],\n",
    "[1960, 830, 146, 76, 179, 168, 92, 127, 49, 24, 4, 11, 0, 1, 0, 11, 3, 0, 0, 0, 0, 4, 0, 2, 0],\n",
    "[2918, 799, 125, 91, 225, 144, 137, 139, 59, 28, 7, 12, 5, 4, 0, 4, 5, 0, 1, 3, 0, 3, 0, 1, 0],\n",
    "[3507, 543, 98, 70, 234, 140, 150, 89, 49, 18, 6, 3, 2, 0, 0, 7, 3, 2, 0, 0, 1, 2, 0, 0, 0],\n",
    "[2844, 375, 75, 65, 162, 124, 103, 67, 43, 21, 5, 1, 1, 2, 0, 2, 3, 0, 0, 0, 3, 2, 0, 1, 2],\n",
    "[2216, 281, 73, 42, 109, 80, 45, 40, 24, 13, 0, 3, 1, 0, 0, 0, 2, 0, 0, 0, 3, 1, 0, 0, 0],\n",
    "[1425, 163, 63, 28, 54, 55, 22, 6, 19, 12, 2, 0, 2, 0, 0, 2, 1, 0, 0, 0, 2, 2, 0, 0, 0],\n",
    "[764, 114, 33, 15, 27, 24, 12, 1, 8, 6, 1, 1, 2, 0, 0, 0, 1, 0, 0, 0, 1, 0, 0, 1, 0],\n",
    "[302, 63, 29, 8, 14, 8, 6, 1, 4, 4, 0, 0, 1, 0, 0, 1, 1, 0, 0, 0, 2, 0, 0, 0, 0]]"
   ]
  },
  {
   "cell_type": "code",
   "execution_count": 18,
   "id": "c035da79",
   "metadata": {},
   "outputs": [
    {
     "name": "stdout",
     "output_type": "stream",
     "text": [
